138
265
262
238
5
164
87
221
195
203
27
114
192
55
228
11
251
142
226
69
139
16
75
28
47
249
175
229
260
43
247
154
116
208
122
132
91
58
152
223
209
37
70
94
236
39
135
128
84
32
129
173
178
184
41
13
49
222
101
20
170
48
40
102
108
88
227
1
151
158
74
261
111
160
253
124
186
181
144
61
193
46
54
176
6
2
231
147
12
157
150
64
90
146
168
230
177
98
81
85
199
95
243
207
92
119
123
242
213
194
211
80
218
169
133
200
214
115
162
131
189
210
165
188
31
190
17
239
125
29
121
99
248
19
86
107
163
180
97
191
78
106
185
63
234
65
127
42
235
51
76
14
60
201
137
245
166
45
153
23
9
197
174
130
204
187
206
179
198
263
7
232
264
161
105
225
18
159
217
216
196
237
68
113
66
52
171
89
183
34
56
220
15
172
117
250
246
50
149
59
96
71
155
118
140
258
156
256
143
233
141
30
53
62
22
3
120
38
148
112
205
72
4
244
67
126
100
83
182
35
24
21
134
252
25
224
240
212
93
77
10
36
73
259
79
202
82
57
219
8
33
257
215
26
44
136
145
109
254
241
255
167