43
238
254
198
205
78
131
20
114
106
180
175
100
50
186
126
87
237
224
31
216
218
251
21
143
211
165
112
99
264
229
222
77
109
170
17
139
195
22
96
113
65
14
210
245
30
147
244
177
51
122
127
90
196
89
125
134
256
130
248
257
70
166
59
148
37
181
2
140
155
105
240
80
83
102
62
217
66
35
121
129
213
12
11
93
104
199
207
188
242
26
132
209
86
54
157
164
206
194
231
223
235
241
119
169
98
8
162
41
82
228
117
68
63
203
124
178
160
64
5
233
74
33
183
200
258
184
249
13
71
32
263
91
246
53
167
46
111
49
145
173
149
97
190
19
154
253
232
36
219
227
182
236
159
85
28
138
152
135
39
187
220
151
108
163
10
44
6
79
174
38
15
133
47
234
179
192
191
67
88
116
16
76
221
158
230
261
193
56
171
23
94
142
185
29
153
250
168
214
75
101
55
52
136
25
252
212
42
247
156
84
27
60
137
4
260
225
150
61
40
9
7
141
72
201
204
48
161
189
215
123
57
45
226
259
239
69
255
176
24
120
172
1
265
107
18
3
118
197
128
81
202
144
243
95
146
58
92
262
73
208
115
34